"run","all_cause_isolation","susceptibility","handHygieneIntervention","importationSurge","decayRate","ppeIsolationAdherenceProb","timeBetweenContamPulse","terminalRoomCleaning","output_event_file","scenario","surfaceTransferFraction","patientContamPerPulse","treatmentDuration","roomCleaningEfficacy","universalPpe","surveillanceSensitivity","surveillance","nearZoneContamPerPulse","ppeEfficacy","transferFractionRandom","isolateOnSuspicion","extra_samples","randomSeed","postVisitCleaning","farContamPerPulse","surveillanceSpecificity","decayRandom"
1,0.2,0.025,0.0,0.0,1.0,0.6,2.0,0.8,"false",0,0.5,42000,10,0.5,"false",0.95,"true",17000,0.9,0,0,0,539795271,0,0,0.7,0
11,0.2,0.025,0.0,0.0,1.0,0.6,2.0,0.8,"false",0,0.5,42000,10,0.5,"false",0.95,"true",17000,0.9,0,0,0,540009772,0,250,0.7,0
21,0.2,0.025,0.0,0.0,1.0,0.6,2.0,0.8,"false",0,0.5,42000,10,0.5,"false",0.95,"true",17000,0.9,0,0,0,540343656,0,500,0.7,0
31,0.2,0.025,0.0,0.0,1.0,0.6,2.0,0.8,"false",0,0.5,42000,10,0.5,"false",0.95,"true",17000,0.9,0,0,0,540687614,0,750,0.7,0
41,0.2,0.025,0.0,0.0,1.0,0.6,2.0,0.8,"false",0,0.5,42000,10,0.5,"false",0.95,"true",17000,0.9,0,0,0,541019650,0,1000,0.7,0
51,0.2,0.025,0.0,0.0,1.0,0.6,2.0,0.8,"false",0,0.5,42000,10,0.5,"false",0.95,"true",17000,0.9,0,0,0,541357021,0,1250,0.7,0
61,0.2,0.025,0.0,0.0,1.0,0.6,2.0,0.8,"false",0,0.5,42000,10,0.5,"false",0.95,"true",17000,0.9,0,0,0,541688537,0,1500,0.7,0
71,0.2,0.025,0.0,0.0,1.0,0.6,2.0,0.8,"false",0,0.5,42000,10,0.5,"false",0.95,"true",17000,0.9,0,0,0,542021415,0,1750,0.7,0
81,0.2,0.025,0.0,0.0,1.0,0.6,2.0,0.8,"false",0,0.5,42000,10,0.5,"false",0.95,"true",17000,0.9,0,0,0,542355821,0,2000,0.7,0
91,0.2,0.025,0.0,0.0,1.0,0.6,2.0,0.8,"false",0,0.5,42000,10,0.5,"false",0.95,"true",17000,0.9,0,0,0,542680683,0,2250,0.7,0
101,0.2,0.025,0.0,0.0,1.0,0.6,2.0,0.8,"false",0,0.5,42000,10,0.5,"false",0.95,"true",17000,0.9,0,0,0,543005758,0,2500,0.7,0
111,0.2,0.025,0.0,0.0,1.0,0.6,2.0,0.8,"false",0,0.5,42000,10,0.5,"false",0.95,"true",17000,0.9,0,0,0,543321735,0,2750,0.7,0
121,0.2,0.025,0.0,0.0,1.0,0.6,2.0,0.8,"false",0,0.5,42000,10,0.5,"false",0.95,"true",17000,0.9,0,0,0,543643444,0,3000,0.7,0
131,0.2,0.025,0.0,0.0,1.0,0.6,2.0,0.8,"false",0,0.5,42000,10,0.5,"false",0.95,"true",17000,0.9,0,0,0,543972009,0,3250,0.7,0
141,0.2,0.025,0.0,0.0,1.0,0.6,2.0,0.8,"false",0,0.5,42000,10,0.5,"false",0.95,"true",17000,0.9,0,0,0,544296368,0,3500,0.7,0
151,0.2,0.025,0.0,0.0,1.0,0.6,2.0,0.8,"false",0,0.5,42000,10,0.5,"false",0.95,"true",17000,0.9,0,0,0,544626413,0,3750,0.7,0
161,0.2,0.025,0.0,0.0,1.0,0.6,2.0,0.8,"false",0,0.5,42000,10,0.5,"false",0.95,"true",17000,0.9,0,0,0,544968196,0,4000,0.7,0
171,0.2,0.025,0.0,0.0,1.0,0.6,2.0,0.8,"false",0,0.5,42000,10,0.5,"false",0.95,"true",17000,0.9,0,0,0,545314073,0,4250,0.7,0
181,0.2,0.025,0.0,0.0,1.0,0.6,2.0,0.8,"false",0,0.5,42000,10,0.5,"false",0.95,"true",17000,0.9,0,0,0,545662168,0,4500,0.7,0
191,0.2,0.025,0.0,0.0,1.0,0.6,2.0,0.8,"false",0,0.5,42000,10,0.5,"false",0.95,"true",17000,0.9,0,0,0,546027249,0,4750,0.7,0
201,0.2,0.025,0.0,0.0,1.0,0.6,2.0,0.8,"false",0,0.5,42000,10,0.5,"false",0.95,"true",17000,0.9,0,0,0,546361381,0,5000,0.7,0
211,0.2,0.025,0.0,0.0,1.0,0.6,2.0,0.8,"false",0,0.5,42000,10,0.5,"false",0.95,"true",17000,0.9,0,0,0,546701832,0,5250,0.7,0
221,0.2,0.025,0.0,0.0,1.0,0.6,2.0,0.8,"false",0,0.5,42000,10,0.5,"false",0.95,"true",17000,0.9,0,0,0,547031720,0,5500,0.7,0
231,0.2,0.025,0.0,0.0,1.0,0.6,2.0,0.8,"false",0,0.5,42000,10,0.5,"false",0.95,"true",17000,0.9,0,0,0,547351929,0,5750,0.7,0
241,0.2,0.025,0.0,0.0,1.0,0.6,2.0,0.8,"false",0,0.5,42000,10,0.5,"false",0.95,"true",17000,0.9,0,0,0,547676626,0,6000,0.7,0
251,0.2,0.025,0.0,0.0,1.0,0.6,2.0,0.8,"false",0,0.5,42000,10,0.5,"false",0.95,"true",17000,0.9,0,0,0,548009088,0,6250,0.7,0
261,0.2,0.025,0.0,0.0,1.0,0.6,2.0,0.8,"false",0,0.5,42000,10,0.5,"false",0.95,"true",17000,0.9,0,0,0,548333652,0,6500,0.7,0
271,0.2,0.025,0.0,0.0,1.0,0.6,2.0,0.8,"false",0,0.5,42000,10,0.5,"false",0.95,"true",17000,0.9,0,0,0,548661750,0,6750,0.7,0
281,0.2,0.025,0.0,0.0,1.0,0.6,2.0,0.8,"false",0,0.5,42000,10,0.5,"false",0.95,"true",17000,0.9,0,0,0,548990226,0,7000,0.7,0
291,0.2,0.025,0.0,0.0,1.0,0.6,2.0,0.8,"false",0,0.5,42000,10,0.5,"false",0.95,"true",17000,0.9,0,0,0,549315063,0,7250,0.7,0
301,0.2,0.025,0.0,0.0,1.0,0.6,2.0,0.8,"false",0,0.5,42000,10,0.5,"false",0.95,"true",17000,0.9,0,0,0,549659303,0,7500,0.7,0
311,0.2,0.025,0.0,0.0,1.0,0.6,2.0,0.8,"false",0,0.5,42000,10,0.5,"false",0.95,"true",17000,0.9,0,0,0,550009806,0,7750,0.7,0
321,0.2,0.025,0.0,0.0,1.0,0.6,2.0,0.8,"false",0,0.5,42000,10,0.5,"false",0.95,"true",17000,0.9,0,0,0,550359791,0,8000,0.7,0
331,0.2,0.025,0.0,0.0,1.0,0.6,2.0,0.8,"false",0,0.5,42000,10,0.5,"false",0.95,"true",17000,0.9,0,0,0,550717955,0,8250,0.7,0
341,0.2,0.025,0.0,0.0,1.0,0.6,2.0,0.8,"false",0,0.5,42000,10,0.5,"false",0.95,"true",17000,0.9,0,0,0,551076586,0,8500,0.7,0
351,0.2,0.025,0.0,0.0,1.0,0.6,2.0,0.8,"false",0,0.5,42000,10,0.5,"false",0.95,"true",17000,0.9,0,0,0,551437681,0,8750,0.7,0
361,0.2,0.025,0.0,0.0,1.0,0.6,2.0,0.8,"false",0,0.5,42000,10,0.5,"false",0.95,"true",17000,0.9,0,0,0,551795424,0,9000,0.7,0
371,0.2,0.025,0.0,0.0,1.0,0.6,2.0,0.8,"false",0,0.5,42000,10,0.5,"false",0.95,"true",17000,0.9,0,0,0,552149377,0,9250,0.7,0
381,0.2,0.025,0.0,0.0,1.0,0.6,2.0,0.8,"false",0,0.5,42000,10,0.5,"false",0.95,"true",17000,0.9,0,0,0,552493880,0,9500,0.7,0
391,0.2,0.025,0.0,0.0,1.0,0.6,2.0,0.8,"false",0,0.5,42000,10,0.5,"false",0.95,"true",17000,0.9,0,0,0,552850720,0,9750,0.7,0
401,0.2,0.025,0.0,0.0,1.0,0.6,2.0,0.8,"false",0,0.5,42000,10,0.5,"false",0.95,"true",17000,0.9,0,0,0,553208645,0,10000,0.7,0
10,0.2,0.025,0.0,0.0,1.0,0.6,2.0,0.8,"false",0,0.5,42000,10,0.5,"false",0.95,"true",17000,0.9,0,0,0,539796626,0,225,0.7,0
20,0.2,0.025,0.0,0.0,1.0,0.6,2.0,0.8,"false",0,0.5,42000,10,0.5,"false",0.95,"true",17000,0.9,0,0,0,540023633,0,475,0.7,0
30,0.2,0.025,0.0,0.0,1.0,0.6,2.0,0.8,"false",0,0.5,42000,10,0.5,"false",0.95,"true",17000,0.9,0,0,0,540364632,0,725,0.7,0
40,0.2,0.025,0.0,0.0,1.0,0.6,2.0,0.8,"false",0,0.5,42000,10,0.5,"false",0.95,"true",17000,0.9,0,0,0,540712401,0,975,0.7,0
50,0.2,0.025,0.0,0.0,1.0,0.6,2.0,0.8,"false",0,0.5,42000,10,0.5,"false",0.95,"true",17000,0.9,0,0,0,541062511,0,1225,0.7,0
60,0.2,0.025,0.0,0.0,1.0,0.6,2.0,0.8,"false",0,0.5,42000,10,0.5,"false",0.95,"true",17000,0.9,0,0,0,541391979,0,1475,0.7,0
70,0.2,0.025,0.0,0.0,1.0,0.6,2.0,0.8,"false",0,0.5,42000,10,0.5,"false",0.95,"true",17000,0.9,0,0,0,541730116,0,1725,0.7,0
80,0.2,0.025,0.0,0.0,1.0,0.6,2.0,0.8,"false",0,0.5,42000,10,0.5,"false",0.95,"true",17000,0.9,0,0,0,542064999,0,1975,0.7,0
90,0.2,0.025,0.0,0.0,1.0,0.6,2.0,0.8,"false",0,0.5,42000,10,0.5,"false",0.95,"true",17000,0.9,0,0,0,542395212,0,2225,0.7,0
100,0.2,0.025,0.0,0.0,1.0,0.6,2.0,0.8,"false",0,0.5,42000,10,0.5,"false",0.95,"true",17000,0.9,0,0,0,542725422,0,2475,0.7,0
110,0.2,0.025,0.0,0.0,1.0,0.6,2.0,0.8,"false",0,0.5,42000,10,0.5,"false",0.95,"true",17000,0.9,0,0,0,543054443,0,2725,0.7,0
120,0.2,0.025,0.0,0.0,1.0,0.6,2.0,0.8,"false",0,0.5,42000,10,0.5,"false",0.95,"true",17000,0.9,0,0,0,543362765,0,2975,0.7,0
130,0.2,0.025,0.0,0.0,1.0,0.6,2.0,0.8,"false",0,0.5,42000,10,0.5,"false",0.95,"true",17000,0.9,0,0,0,543683648,0,3225,0.7,0
140,0.2,0.025,0.0,0.0,1.0,0.6,2.0,0.8,"false",0,0.5,42000,10,0.5,"false",0.95,"true",17000,0.9,0,0,0,544015574,0,3475,0.7,0
150,0.2,0.025,0.0,0.0,1.0,0.6,2.0,0.8,"false",0,0.5,42000,10,0.5,"false",0.95,"true",17000,0.9,0,0,0,544343648,0,3725,0.7,0
160,0.2,0.025,0.0,0.0,1.0,0.6,2.0,0.8,"false",0,0.5,42000,10,0.5,"false",0.95,"true",17000,0.9,0,0,0,544675912,0,3975,0.7,0
170,0.2,0.025,0.0,0.0,1.0,0.6,2.0,0.8,"false",0,0.5,42000,10,0.5,"false",0.95,"true",17000,0.9,0,0,0,545009003,0,4225,0.7,0
180,0.2,0.025,0.0,0.0,1.0,0.6,2.0,0.8,"false",0,0.5,42000,10,0.5,"false",0.95,"true",17000,0.9,0,0,0,545352879,0,4475,0.7,0
190,0.2,0.025,0.0,0.0,1.0,0.6,2.0,0.8,"false",0,0.5,42000,10,0.5,"false",0.95,"true",17000,0.9,0,0,0,545695509,0,4725,0.7,0
200,0.2,0.025,0.0,0.0,1.0,0.6,2.0,0.8,"false",0,0.5,42000,10,0.5,"false",0.95,"true",17000,0.9,0,0,0,546054425,0,4975,0.7,0
210,0.2,0.025,0.0,0.0,1.0,0.6,2.0,0.8,"false",0,0.5,42000,10,0.5,"false",0.95,"true",17000,0.9,0,0,0,546402323,0,5225,0.7,0
220,0.2,0.025,0.0,0.0,1.0,0.6,2.0,0.8,"false",0,0.5,42000,10,0.5,"false",0.95,"true",17000,0.9,0,0,0,546744151,0,5475,0.7,0
230,0.2,0.025,0.0,0.0,1.0,0.6,2.0,0.8,"false",0,0.5,42000,10,0.5,"false",0.95,"true",17000,0.9,0,0,0,547080157,0,5725,0.7,0
240,0.2,0.025,0.0,0.0,1.0,0.6,2.0,0.8,"false",0,0.5,42000,10,0.5,"false",0.95,"true",17000,0.9,0,0,0,547402448,0,5975,0.7,0
250,0.2,0.025,0.0,0.0,1.0,0.6,2.0,0.8,"false",0,0.5,42000,10,0.5,"false",0.95,"true",17000,0.9,0,0,0,547726710,0,6225,0.7,0
260,0.2,0.025,0.0,0.0,1.0,0.6,2.0,0.8,"false",0,0.5,42000,10,0.5,"false",0.95,"true",17000,0.9,0,0,0,548061765,0,6475,0.7,0
270,0.2,0.025,0.0,0.0,1.0,0.6,2.0,0.8,"false",0,0.5,42000,10,0.5,"false",0.95,"true",17000,0.9,0,0,0,548392599,0,6725,0.7,0
280,0.2,0.025,0.0,0.0,1.0,0.6,2.0,0.8,"false",0,0.5,42000,10,0.5,"false",0.95,"true",17000,0.9,0,0,0,548721881,0,6975,0.7,0
290,0.2,0.025,0.0,0.0,1.0,0.6,2.0,0.8,"false",0,0.5,42000,10,0.5,"false",0.95,"true",17000,0.9,0,0,0,549045085,0,7225,0.7,0
300,0.2,0.025,0.0,0.0,1.0,0.6,2.0,0.8,"false",0,0.5,42000,10,0.5,"false",0.95,"true",17000,0.9,0,0,0,549376654,0,7475,0.7,0
310,0.2,0.025,0.0,0.0,1.0,0.6,2.0,0.8,"false",0,0.5,42000,10,0.5,"false",0.95,"true",17000,0.9,0,0,0,549728115,0,7725,0.7,0
320,0.2,0.025,0.0,0.0,1.0,0.6,2.0,0.8,"false",0,0.5,42000,10,0.5,"false",0.95,"true",17000,0.9,0,0,0,550076087,0,7975,0.7,0
330,0.2,0.025,0.0,0.0,1.0,0.6,2.0,0.8,"false",0,0.5,42000,10,0.5,"false",0.95,"true",17000,0.9,0,0,0,550434093,0,8225,0.7,0
340,0.2,0.025,0.0,0.0,1.0,0.6,2.0,0.8,"false",0,0.5,42000,10,0.5,"false",0.95,"true",17000,0.9,0,0,0,550781323,0,8475,0.7,0
350,0.2,0.025,0.0,0.0,1.0,0.6,2.0,0.8,"false",0,0.5,42000,10,0.5,"false",0.95,"true",17000,0.9,0,0,0,551141998,0,8725,0.7,0
360,0.2,0.025,0.0,0.0,1.0,0.6,2.0,0.8,"false",0,0.5,42000,10,0.5,"false",0.95,"true",17000,0.9,0,0,0,551494521,0,8975,0.7,0
370,0.2,0.025,0.0,0.0,1.0,0.6,2.0,0.8,"false",0,0.5,42000,10,0.5,"false",0.95,"true",17000,0.9,0,0,0,551855311,0,9225,0.7,0
380,0.2,0.025,0.0,0.0,1.0,0.6,2.0,0.8,"false",0,0.5,42000,10,0.5,"false",0.95,"true",17000,0.9,0,0,0,552205069,0,9475,0.7,0
390,0.2,0.025,0.0,0.0,1.0,0.6,2.0,0.8,"false",0,0.5,42000,10,0.5,"false",0.95,"true",17000,0.9,0,0,0,552558188,0,9725,0.7,0
400,0.2,0.025,0.0,0.0,1.0,0.6,2.0,0.8,"false",0,0.5,42000,10,0.5,"false",0.95,"true",17000,0.9,0,0,0,552916014,0,9975,0.7,0
2,0.2,0.025,0.0,0.0,1.0,0.6,2.0,0.8,"false",0,0.5,42000,10,0.5,"false",0.95,"true",17000,0.9,0,0,0,539795284,0,25,0.7,0
12,0.2,0.025,0.0,0.0,1.0,0.6,2.0,0.8,"false",0,0.5,42000,10,0.5,"false",0.95,"true",17000,0.9,0,0,0,540013858,0,275,0.7,0
22,0.2,0.025,0.0,0.0,1.0,0.6,2.0,0.8,"false",0,0.5,42000,10,0.5,"false",0.95,"true",17000,0.9,0,0,0,540352031,0,525,0.7,0
32,0.2,0.025,0.0,0.0,1.0,0.6,2.0,0.8,"false",0,0.5,42000,10,0.5,"false",0.95,"true",17000,0.9,0,0,0,540701996,0,775,0.7,0
42,0.2,0.025,0.0,0.0,1.0,0.6,2.0,0.8,"false",0,0.5,42000,10,0.5,"false",0.95,"true",17000,0.9,0,0,0,541043569,0,1025,0.7,0
52,0.2,0.025,0.0,0.0,1.0,0.6,2.0,0.8,"false",0,0.5,42000,10,0.5,"false",0.95,"true",17000,0.9,0,0,0,541364720,0,1275,0.7,0
62,0.2,0.025,0.0,0.0,1.0,0.6,2.0,0.8,"false",0,0.5,42000,10,0.5,"false",0.95,"true",17000,0.9,0,0,0,541699350,0,1525,0.7,0
72,0.2,0.025,0.0,0.0,1.0,0.6,2.0,0.8,"false",0,0.5,42000,10,0.5,"false",0.95,"true",17000,0.9,0,0,0,542027857,0,1775,0.7,0
82,0.2,0.025,0.0,0.0,1.0,0.6,2.0,0.8,"false",0,0.5,42000,10,0.5,"false",0.95,"true",17000,0.9,0,0,0,542362423,0,2025,0.7,0
92,0.2,0.025,0.0,0.0,1.0,0.6,2.0,0.8,"false",0,0.5,42000,10,0.5,"false",0.95,"true",17000,0.9,0,0,0,542686845,0,2275,0.7,0
102,0.2,0.025,0.0,0.0,1.0,0.6,2.0,0.8,"false",0,0.5,42000,10,0.5,"false",0.95,"true",17000,0.9,0,0,0,543015955,0,2525,0.7,0
112,0.2,0.025,0.0,0.0,1.0,0.6,2.0,0.8,"false",0,0.5,42000,10,0.5,"false",0.95,"true",17000,0.9,0,0,0,543335772,0,2775,0.7,0
122,0.2,0.025,0.0,0.0,1.0,0.6,2.0,0.8,"false",0,0.5,42000,10,0.5,"false",0.95,"true",17000,0.9,0,0,0,543656501,0,3025,0.7,0
132,0.2,0.025,0.0,0.0,1.0,0.6,2.0,0.8,"false",0,0.5,42000,10,0.5,"false",0.95,"true",17000,0.9,0,0,0,543987271,0,3275,0.7,0
142,0.2,0.025,0.0,0.0,1.0,0.6,2.0,0.8,"false",0,0.5,42000,10,0.5,"false",0.95,"true",17000,0.9,0,0,0,544322738,0,3525,0.7,0
152,0.2,0.025,0.0,0.0,1.0,0.6,2.0,0.8,"false",0,0.5,42000,10,0.5,"false",0.95,"true",17000,0.9,0,0,0,544646837,0,3775,0.7,0
162,0.2,0.025,0.0,0.0,1.0,0.6,2.0,0.8,"false",0,0.5,42000,10,0.5,"false",0.95,"true",17000,0.9,0,0,0,544982736,0,4025,0.7,0
172,0.2,0.025,0.0,0.0,1.0,0.6,2.0,0.8,"false",0,0.5,42000,10,0.5,"false",0.95,"true",17000,0.9,0,0,0,545318575,0,4275,0.7,0
182,0.2,0.025,0.0,0.0,1.0,0.6,2.0,0.8,"false",0,0.5,42000,10,0.5,"false",0.95,"true",17000,0.9,0,0,0,545657250,0,4525,0.7,0
192,0.2,0.025,0.0,0.0,1.0,0.6,2.0,0.8,"false",0,0.5,42000,10,0.5,"false",0.95,"true",17000,0.9,0,0,0,546023778,0,4775,0.7,0
202,0.2,0.025,0.0,0.0,1.0,0.6,2.0,0.8,"false",0,0.5,42000,10,0.5,"false",0.95,"true",17000,0.9,0,0,0,546369564,0,5025,0.7,0
212,0.2,0.025,0.0,0.0,1.0,0.6,2.0,0.8,"false",0,0.5,42000,10,0.5,"false",0.95,"true",17000,0.9,0,0,0,546701547,0,5275,0.7,0
222,0.2,0.025,0.0,0.0,1.0,0.6,2.0,0.8,"false",0,0.5,42000,10,0.5,"false",0.95,"true",17000,0.9,0,0,0,547035290,0,5525,0.7,0
232,0.2,0.025,0.0,0.0,1.0,0.6,2.0,0.8,"false",0,0.5,42000,10,0.5,"false",0.95,"true",17000,0.9,0,0,0,547364651,0,5775,0.7,0
242,0.2,0.025,0.0,0.0,1.0,0.6,2.0,0.8,"false",0,0.5,42000,10,0.5,"false",0.95,"true",17000,0.9,0,0,0,547695079,0,6025,0.7,0
252,0.2,0.025,0.0,0.0,1.0,0.6,2.0,0.8,"false",0,0.5,42000,10,0.5,"false",0.95,"true",17000,0.9,0,0,0,548022813,0,6275,0.7,0
262,0.2,0.025,0.0,0.0,1.0,0.6,2.0,0.8,"false",0,0.5,42000,10,0.5,"false",0.95,"true",17000,0.9,0,0,0,548347812,0,6525,0.7,0
272,0.2,0.025,0.0,0.0,1.0,0.6,2.0,0.8,"false",0,0.5,42000,10,0.5,"false",0.95,"true",17000,0.9,0,0,0,548675353,0,6775,0.7,0
282,0.2,0.025,0.0,0.0,1.0,0.6,2.0,0.8,"false",0,0.5,42000,10,0.5,"false",0.95,"true",17000,0.9,0,0,0,549007798,0,7025,0.7,0
292,0.2,0.025,0.0,0.0,1.0,0.6,2.0,0.8,"false",0,0.5,42000,10,0.5,"false",0.95,"true",17000,0.9,0,0,0,549338730,0,7275,0.7,0
302,0.2,0.025,0.0,0.0,1.0,0.6,2.0,0.8,"false",0,0.5,42000,10,0.5,"false",0.95,"true",17000,0.9,0,0,0,549688823,0,7525,0.7,0
312,0.2,0.025,0.0,0.0,1.0,0.6,2.0,0.8,"false",0,0.5,42000,10,0.5,"false",0.95,"true",17000,0.9,0,0,0,550049764,0,7775,0.7,0
322,0.2,0.025,0.0,0.0,1.0,0.6,2.0,0.8,"false",0,0.5,42000,10,0.5,"false",0.95,"true",17000,0.9,0,0,0,550397976,0,8025,0.7,0
332,0.2,0.025,0.0,0.0,1.0,0.6,2.0,0.8,"false",0,0.5,42000,10,0.5,"false",0.95,"true",17000,0.9,0,0,0,550742805,0,8275,0.7,0
342,0.2,0.025,0.0,0.0,1.0,0.6,2.0,0.8,"false",0,0.5,42000,10,0.5,"false",0.95,"true",17000,0.9,0,0,0,551088820,0,8525,0.7,0
352,0.2,0.025,0.0,0.0,1.0,0.6,2.0,0.8,"false",0,0.5,42000,10,0.5,"false",0.95,"true",17000,0.9,0,0,0,551445068,0,8775,0.7,0
362,0.2,0.025,0.0,0.0,1.0,0.6,2.0,0.8,"false",0,0.5,42000,10,0.5,"false",0.95,"true",17000,0.9,0,0,0,551801809,0,9025,0.7,0
372,0.2,0.025,0.0,0.0,1.0,0.6,2.0,0.8,"false",0,0.5,42000,10,0.5,"false",0.95,"true",17000,0.9,0,0,0,552153612,0,9275,0.7,0
382,0.2,0.025,0.0,0.0,1.0,0.6,2.0,0.8,"false",0,0.5,42000,10,0.5,"false",0.95,"true",17000,0.9,0,0,0,552515335,0,9525,0.7,0
392,0.2,0.025,0.0,0.0,1.0,0.6,2.0,0.8,"false",0,0.5,42000,10,0.5,"false",0.95,"true",17000,0.9,0,0,0,552874064,0,9775,0.7,0
3,0.2,0.025,0.0,0.0,1.0,0.6,2.0,0.8,"false",0,0.5,42000,10,0.5,"false",0.95,"true",17000,0.9,0,0,0,539795585,0,50,0.7,0
13,0.2,0.025,0.0,0.0,1.0,0.6,2.0,0.8,"false",0,0.5,42000,10,0.5,"false",0.95,"true",17000,0.9,0,0,0,540010036,0,300,0.7,0
23,0.2,0.025,0.0,0.0,1.0,0.6,2.0,0.8,"false",0,0.5,42000,10,0.5,"false",0.95,"true",17000,0.9,0,0,0,540357740,0,550,0.7,0
33,0.2,0.025,0.0,0.0,1.0,0.6,2.0,0.8,"false",0,0.5,42000,10,0.5,"false",0.95,"true",17000,0.9,0,0,0,540710220,0,800,0.7,0
43,0.2,0.025,0.0,0.0,1.0,0.6,2.0,0.8,"false",0,0.5,42000,10,0.5,"false",0.95,"true",17000,0.9,0,0,0,541058843,0,1050,0.7,0
53,0.2,0.025,0.0,0.0,1.0,0.6,2.0,0.8,"false",0,0.5,42000,10,0.5,"false",0.95,"true",17000,0.9,0,0,0,541383843,0,1300,0.7,0
63,0.2,0.025,0.0,0.0,1.0,0.6,2.0,0.8,"false",0,0.5,42000,10,0.5,"false",0.95,"true",17000,0.9,0,0,0,541715386,0,1550,0.7,0
73,0.2,0.025,0.0,0.0,1.0,0.6,2.0,0.8,"false",0,0.5,42000,10,0.5,"false",0.95,"true",17000,0.9,0,0,0,542050119,0,1800,0.7,0
83,0.2,0.025,0.0,0.0,1.0,0.6,2.0,0.8,"false",0,0.5,42000,10,0.5,"false",0.95,"true",17000,0.9,0,0,0,542380766,0,2050,0.7,0
93,0.2,0.025,0.0,0.0,1.0,0.6,2.0,0.8,"false",0,0.5,42000,10,0.5,"false",0.95,"true",17000,0.9,0,0,0,542700993,0,2300,0.7,0
103,0.2,0.025,0.0,0.0,1.0,0.6,2.0,0.8,"false",0,0.5,42000,10,0.5,"false",0.95,"true",17000,0.9,0,0,0,543029248,0,2550,0.7,0
113,0.2,0.025,0.0,0.0,1.0,0.6,2.0,0.8,"false",0,0.5,42000,10,0.5,"false",0.95,"true",17000,0.9,0,0,0,543351440,0,2800,0.7,0
123,0.2,0.025,0.0,0.0,1.0,0.6,2.0,0.8,"false",0,0.5,42000,10,0.5,"false",0.95,"true",17000,0.9,0,0,0,543670010,0,3050,0.7,0
133,0.2,0.025,0.0,0.0,1.0,0.6,2.0,0.8,"false",0,0.5,42000,10,0.5,"false",0.95,"true",17000,0.9,0,0,0,543997768,0,3300,0.7,0
143,0.2,0.025,0.0,0.0,1.0,0.6,2.0,0.8,"false",0,0.5,42000,10,0.5,"false",0.95,"true",17000,0.9,0,0,0,544323690,0,3550,0.7,0
153,0.2,0.025,0.0,0.0,1.0,0.6,2.0,0.8,"false",0,0.5,42000,10,0.5,"false",0.95,"true",17000,0.9,0,0,0,544658921,0,3800,0.7,0
163,0.2,0.025,0.0,0.0,1.0,0.6,2.0,0.8,"false",0,0.5,42000,10,0.5,"false",0.95,"true",17000,0.9,0,0,0,544988775,0,4050,0.7,0
173,0.2,0.025,0.0,0.0,1.0,0.6,2.0,0.8,"false",0,0.5,42000,10,0.5,"false",0.95,"true",17000,0.9,0,0,0,545326284,0,4300,0.7,0
183,0.2,0.025,0.0,0.0,1.0,0.6,2.0,0.8,"false",0,0.5,42000,10,0.5,"false",0.95,"true",17000,0.9,0,0,0,545672818,0,4550,0.7,0
193,0.2,0.025,0.0,0.0,1.0,0.6,2.0,0.8,"false",0,0.5,42000,10,0.5,"false",0.95,"true",17000,0.9,0,0,0,546031609,0,4800,0.7,0
203,0.2,0.025,0.0,0.0,1.0,0.6,2.0,0.8,"false",0,0.5,42000,10,0.5,"false",0.95,"true",17000,0.9,0,0,0,546376355,0,5050,0.7,0
213,0.2,0.025,0.0,0.0,1.0,0.6,2.0,0.8,"false",0,0.5,42000,10,0.5,"false",0.95,"true",17000,0.9,0,0,0,546705671,0,5300,0.7,0
223,0.2,0.025,0.0,0.0,1.0,0.6,2.0,0.8,"false",0,0.5,42000,10,0.5,"false",0.95,"true",17000,0.9,0,0,0,547043726,0,5550,0.7,0
233,0.2,0.025,0.0,0.0,1.0,0.6,2.0,0.8,"false",0,0.5,42000,10,0.5,"false",0.95,"true",17000,0.9,0,0,0,547376380,0,5800,0.7,0
243,0.2,0.025,0.0,0.0,1.0,0.6,2.0,0.8,"false",0,0.5,42000,10,0.5,"false",0.95,"true",17000,0.9,0,0,0,547708743,0,6050,0.7,0
253,0.2,0.025,0.0,0.0,1.0,0.6,2.0,0.8,"false",0,0.5,42000,10,0.5,"false",0.95,"true",17000,0.9,0,0,0,548038723,0,6300,0.7,0
263,0.2,0.025,0.0,0.0,1.0,0.6,2.0,0.8,"false",0,0.5,42000,10,0.5,"false",0.95,"true",17000,0.9,0,0,0,548366187,0,6550,0.7,0
273,0.2,0.025,0.0,0.0,1.0,0.6,2.0,0.8,"false",0,0.5,42000,10,0.5,"false",0.95,"true",17000,0.9,0,0,0,548701738,0,6800,0.7,0
283,0.2,0.025,0.0,0.0,1.0,0.6,2.0,0.8,"false",0,0.5,42000,10,0.5,"false",0.95,"true",17000,0.9,0,0,0,549026474,0,7050,0.7,0
293,0.2,0.025,0.0,0.0,1.0,0.6,2.0,0.8,"false",0,0.5,42000,10,0.5,"false",0.95,"true",17000,0.9,0,0,0,549352943,0,7300,0.7,0
303,0.2,0.025,0.0,0.0,1.0,0.6,2.0,0.8,"false",0,0.5,42000,10,0.5,"false",0.95,"true",17000,0.9,0,0,0,549699519,0,7550,0.7,0
313,0.2,0.025,0.0,0.0,1.0,0.6,2.0,0.8,"false",0,0.5,42000,10,0.5,"false",0.95,"true",17000,0.9,0,0,0,550050978,0,7800,0.7,0
323,0.2,0.025,0.0,0.0,1.0,0.6,2.0,0.8,"false",0,0.5,42000,10,0.5,"false",0.95,"true",17000,0.9,0,0,0,550405211,0,8050,0.7,0
333,0.2,0.025,0.0,0.0,1.0,0.6,2.0,0.8,"false",0,0.5,42000,10,0.5,"false",0.95,"true",17000,0.9,0,0,0,550757900,0,8300,0.7,0
343,0.2,0.025,0.0,0.0,1.0,0.6,2.0,0.8,"false",0,0.5,42000,10,0.5,"false",0.95,"true",17000,0.9,0,0,0,551095101,0,8550,0.7,0
353,0.2,0.025,0.0,0.0,1.0,0.6,2.0,0.8,"false",0,0.5,42000,10,0.5,"false",0.95,"true",17000,0.9,0,0,0,551452613,0,8800,0.7,0
363,0.2,0.025,0.0,0.0,1.0,0.6,2.0,0.8,"false",0,0.5,42000,10,0.5,"false",0.95,"true",17000,0.9,0,0,0,551809147,0,9050,0.7,0
373,0.2,0.025,0.0,0.0,1.0,0.6,2.0,0.8,"false",0,0.5,42000,10,0.5,"false",0.95,"true",17000,0.9,0,0,0,552157602,0,9300,0.7,0
383,0.2,0.025,0.0,0.0,1.0,0.6,2.0,0.8,"false",0,0.5,42000,10,0.5,"false",0.95,"true",17000,0.9,0,0,0,552510847,0,9550,0.7,0
393,0.2,0.025,0.0,0.0,1.0,0.6,2.0,0.8,"false",0,0.5,42000,10,0.5,"false",0.95,"true",17000,0.9,0,0,0,552865613,0,9800,0.7,0
4,0.2,0.025,0.0,0.0,1.0,0.6,2.0,0.8,"false",0,0.5,42000,10,0.5,"false",0.95,"true",17000,0.9,0,0,0,539795574,0,75,0.7,0
14,0.2,0.025,0.0,0.0,1.0,0.6,2.0,0.8,"false",0,0.5,42000,10,0.5,"false",0.95,"true",17000,0.9,0,0,0,540007985,0,325,0.7,0
24,0.2,0.025,0.0,0.0,1.0,0.6,2.0,0.8,"false",0,0.5,42000,10,0.5,"false",0.95,"true",17000,0.9,0,0,0,540352247,0,575,0.7,0
34,0.2,0.025,0.0,0.0,1.0,0.6,2.0,0.8,"false",0,0.5,42000,10,0.5,"false",0.95,"true",17000,0.9,0,0,0,540704871,0,825,0.7,0
44,0.2,0.025,0.0,0.0,1.0,0.6,2.0,0.8,"false",0,0.5,42000,10,0.5,"false",0.95,"true",17000,0.9,0,0,0,541048514,0,1075,0.7,0
54,0.2,0.025,0.0,0.0,1.0,0.6,2.0,0.8,"false",0,0.5,42000,10,0.5,"false",0.95,"true",17000,0.9,0,0,0,541378941,0,1325,0.7,0
64,0.2,0.025,0.0,0.0,1.0,0.6,2.0,0.8,"false",0,0.5,42000,10,0.5,"false",0.95,"true",17000,0.9,0,0,0,541720243,0,1575,0.7,0
74,0.2,0.025,0.0,0.0,1.0,0.6,2.0,0.8,"false",0,0.5,42000,10,0.5,"false",0.95,"true",17000,0.9,0,0,0,542042240,0,1825,0.7,0
84,0.2,0.025,0.0,0.0,1.0,0.6,2.0,0.8,"false",0,0.5,42000,10,0.5,"false",0.95,"true",17000,0.9,0,0,0,542369654,0,2075,0.7,0
94,0.2,0.025,0.0,0.0,1.0,0.6,2.0,0.8,"false",0,0.5,42000,10,0.5,"false",0.95,"true",17000,0.9,0,0,0,542698068,0,2325,0.7,0
104,0.2,0.025,0.0,0.0,1.0,0.6,2.0,0.8,"false",0,0.5,42000,10,0.5,"false",0.95,"true",17000,0.9,0,0,0,543026540,0,2575,0.7,0
114,0.2,0.025,0.0,0.0,1.0,0.6,2.0,0.8,"false",0,0.5,42000,10,0.5,"false",0.95,"true",17000,0.9,0,0,0,543356522,0,2825,0.7,0
124,0.2,0.025,0.0,0.0,1.0,0.6,2.0,0.8,"false",0,0.5,42000,10,0.5,"false",0.95,"true",17000,0.9,0,0,0,543677305,0,3075,0.7,0
134,0.2,0.025,0.0,0.0,1.0,0.6,2.0,0.8,"false",0,0.5,42000,10,0.5,"false",0.95,"true",17000,0.9,0,0,0,544001168,0,3325,0.7,0
144,0.2,0.025,0.0,0.0,1.0,0.6,2.0,0.8,"false",0,0.5,42000,10,0.5,"false",0.95,"true",17000,0.9,0,0,0,544332652,0,3575,0.7,0
154,0.2,0.025,0.0,0.0,1.0,0.6,2.0,0.8,"false",0,0.5,42000,10,0.5,"false",0.95,"true",17000,0.9,0,0,0,544666041,0,3825,0.7,0
164,0.2,0.025,0.0,0.0,1.0,0.6,2.0,0.8,"false",0,0.5,42000,10,0.5,"false",0.95,"true",17000,0.9,0,0,0,545001518,0,4075,0.7,0
174,0.2,0.025,0.0,0.0,1.0,0.6,2.0,0.8,"false",0,0.5,42000,10,0.5,"false",0.95,"true",17000,0.9,0,0,0,545344782,0,4325,0.7,0
184,0.2,0.025,0.0,0.0,1.0,0.6,2.0,0.8,"false",0,0.5,42000,10,0.5,"false",0.95,"true",17000,0.9,0,0,0,545685515,0,4575,0.7,0
194,0.2,0.025,0.0,0.0,1.0,0.6,2.0,0.8,"false",0,0.5,42000,10,0.5,"false",0.95,"true",17000,0.9,0,0,0,546052070,0,4825,0.7,0
204,0.2,0.025,0.0,0.0,1.0,0.6,2.0,0.8,"false",0,0.5,42000,10,0.5,"false",0.95,"true",17000,0.9,0,0,0,546392678,0,5075,0.7,0
214,0.2,0.025,0.0,0.0,1.0,0.6,2.0,0.8,"false",0,0.5,42000,10,0.5,"false",0.95,"true",17000,0.9,0,0,0,546729731,0,5325,0.7,0
224,0.2,0.025,0.0,0.0,1.0,0.6,2.0,0.8,"false",0,0.5,42000,10,0.5,"false",0.95,"true",17000,0.9,0,0,0,547069669,0,5575,0.7,0
234,0.2,0.025,0.0,0.0,1.0,0.6,2.0,0.8,"false",0,0.5,42000,10,0.5,"false",0.95,"true",17000,0.9,0,0,0,547397248,0,5825,0.7,0
244,0.2,0.025,0.0,0.0,1.0,0.6,2.0,0.8,"false",0,0.5,42000,10,0.5,"false",0.95,"true",17000,0.9,0,0,0,547720775,0,6075,0.7,0
254,0.2,0.025,0.0,0.0,1.0,0.6,2.0,0.8,"false",0,0.5,42000,10,0.5,"false",0.95,"true",17000,0.9,0,0,0,548048953,0,6325,0.7,0
264,0.2,0.025,0.0,0.0,1.0,0.6,2.0,0.8,"false",0,0.5,42000,10,0.5,"false",0.95,"true",17000,0.9,0,0,0,548374979,0,6575,0.7,0
274,0.2,0.025,0.0,0.0,1.0,0.6,2.0,0.8,"false",0,0.5,42000,10,0.5,"false",0.95,"true",17000,0.9,0,0,0,548705136,0,6825,0.7,0
284,0.2,0.025,0.0,0.0,1.0,0.6,2.0,0.8,"false",0,0.5,42000,10,0.5,"false",0.95,"true",17000,0.9,0,0,0,549035543,0,7075,0.7,0
294,0.2,0.025,0.0,0.0,1.0,0.6,2.0,0.8,"false",0,0.5,42000,10,0.5,"false",0.95,"true",17000,0.9,0,0,0,549371160,0,7325,0.7,0
304,0.2,0.025,0.0,0.0,1.0,0.6,2.0,0.8,"false",0,0.5,42000,10,0.5,"false",0.95,"true",17000,0.9,0,0,0,549714912,0,7575,0.7,0
314,0.2,0.025,0.0,0.0,1.0,0.6,2.0,0.8,"false",0,0.5,42000,10,0.5,"false",0.95,"true",17000,0.9,0,0,0,550058172,0,7825,0.7,0
324,0.2,0.025,0.0,0.0,1.0,0.6,2.0,0.8,"false",0,0.5,42000,10,0.5,"false",0.95,"true",17000,0.9,0,0,0,550414863,0,8075,0.7,0
334,0.2,0.025,0.0,0.0,1.0,0.6,2.0,0.8,"false",0,0.5,42000,10,0.5,"false",0.95,"true",17000,0.9,0,0,0,550762885,0,8325,0.7,0
344,0.2,0.025,0.0,0.0,1.0,0.6,2.0,0.8,"false",0,0.5,42000,10,0.5,"false",0.95,"true",17000,0.9,0,0,0,551123610,0,8575,0.7,0
354,0.2,0.025,0.0,0.0,1.0,0.6,2.0,0.8,"false",0,0.5,42000,10,0.5,"false",0.95,"true",17000,0.9,0,0,0,551470538,0,8825,0.7,0
364,0.2,0.025,0.0,0.0,1.0,0.6,2.0,0.8,"false",0,0.5,42000,10,0.5,"false",0.95,"true",17000,0.9,0,0,0,551815189,0,9075,0.7,0
374,0.2,0.025,0.0,0.0,1.0,0.6,2.0,0.8,"false",0,0.5,42000,10,0.5,"false",0.95,"true",17000,0.9,0,0,0,552162638,0,9325,0.7,0
384,0.2,0.025,0.0,0.0,1.0,0.6,2.0,0.8,"false",0,0.5,42000,10,0.5,"false",0.95,"true",17000,0.9,0,0,0,552509502,0,9575,0.7,0
394,0.2,0.025,0.0,0.0,1.0,0.6,2.0,0.8,"false",0,0.5,42000,10,0.5,"false",0.95,"true",17000,0.9,0,0,0,552867409,0,9825,0.7,0
5,0.2,0.025,0.0,0.0,1.0,0.6,2.0,0.8,"false",0,0.5,42000,10,0.5,"false",0.95,"true",17000,0.9,0,0,0,539795953,0,100,0.7,0
15,0.2,0.025,0.0,0.0,1.0,0.6,2.0,0.8,"false",0,0.5,42000,10,0.5,"false",0.95,"true",17000,0.9,0,0,0,540009209,0,350,0.7,0
25,0.2,0.025,0.0,0.0,1.0,0.6,2.0,0.8,"false",0,0.5,42000,10,0.5,"false",0.95,"true",17000,0.9,0,0,0,540350589,0,600,0.7,0
35,0.2,0.025,0.0,0.0,1.0,0.6,2.0,0.8,"false",0,0.5,42000,10,0.5,"false",0.95,"true",17000,0.9,0,0,0,540703670,0,850,0.7,0
45,0.2,0.025,0.0,0.0,1.0,0.6,2.0,0.8,"false",0,0.5,42000,10,0.5,"false",0.95,"true",17000,0.9,0,0,0,541054111,0,1100,0.7,0
55,0.2,0.025,0.0,0.0,1.0,0.6,2.0,0.8,"false",0,0.5,42000,10,0.5,"false",0.95,"true",17000,0.9,0,0,0,541395738,0,1350,0.7,0
65,0.2,0.025,0.0,0.0,1.0,0.6,2.0,0.8,"false",0,0.5,42000,10,0.5,"false",0.95,"true",17000,0.9,0,0,0,541721704,0,1600,0.7,0
75,0.2,0.025,0.0,0.0,1.0,0.6,2.0,0.8,"false",0,0.5,42000,10,0.5,"false",0.95,"true",17000,0.9,0,0,0,542053522,0,1850,0.7,0
85,0.2,0.025,0.0,0.0,1.0,0.6,2.0,0.8,"false",0,0.5,42000,10,0.5,"false",0.95,"true",17000,0.9,0,0,0,542391824,0,2100,0.7,0
95,0.2,0.025,0.0,0.0,1.0,0.6,2.0,0.8,"false",0,0.5,42000,10,0.5,"false",0.95,"true",17000,0.9,0,0,0,542721800,0,2350,0.7,0
105,0.2,0.025,0.0,0.0,1.0,0.6,2.0,0.8,"false",0,0.5,42000,10,0.5,"false",0.95,"true",17000,0.9,0,0,0,543057414,0,2600,0.7,0
115,0.2,0.025,0.0,0.0,1.0,0.6,2.0,0.8,"false",0,0.5,42000,10,0.5,"false",0.95,"true",17000,0.9,0,0,0,543378413,0,2850,0.7,0
125,0.2,0.025,0.0,0.0,1.0,0.6,2.0,0.8,"false",0,0.5,42000,10,0.5,"false",0.95,"true",17000,0.9,0,0,0,543710255,0,3100,0.7,0
135,0.2,0.025,0.0,0.0,1.0,0.6,2.0,0.8,"false",0,0.5,42000,10,0.5,"false",0.95,"true",17000,0.9,0,0,0,544033488,0,3350,0.7,0
145,0.2,0.025,0.0,0.0,1.0,0.6,2.0,0.8,"false",0,0.5,42000,10,0.5,"false",0.95,"true",17000,0.9,0,0,0,544355432,0,3600,0.7,0
155,0.2,0.025,0.0,0.0,1.0,0.6,2.0,0.8,"false",0,0.5,42000,10,0.5,"false",0.95,"true",17000,0.9,0,0,0,544675792,0,3850,0.7,0
165,0.2,0.025,0.0,0.0,1.0,0.6,2.0,0.8,"false",0,0.5,42000,10,0.5,"false",0.95,"true",17000,0.9,0,0,0,545010875,0,4100,0.7,0
175,0.2,0.025,0.0,0.0,1.0,0.6,2.0,0.8,"false",0,0.5,42000,10,0.5,"false",0.95,"true",17000,0.9,0,0,0,545362803,0,4350,0.7,0
185,0.2,0.025,0.0,0.0,1.0,0.6,2.0,0.8,"false",0,0.5,42000,10,0.5,"false",0.95,"true",17000,0.9,0,0,0,545709723,0,4600,0.7,0
195,0.2,0.025,0.0,0.0,1.0,0.6,2.0,0.8,"false",0,0.5,42000,10,0.5,"false",0.95,"true",17000,0.9,0,0,0,546069150,0,4850,0.7,0
205,0.2,0.025,0.0,0.0,1.0,0.6,2.0,0.8,"false",0,0.5,42000,10,0.5,"false",0.95,"true",17000,0.9,0,0,0,546405479,0,5100,0.7,0
215,0.2,0.025,0.0,0.0,1.0,0.6,2.0,0.8,"false",0,0.5,42000,10,0.5,"false",0.95,"true",17000,0.9,0,0,0,546744385,0,5350,0.7,0
225,0.2,0.025,0.0,0.0,1.0,0.6,2.0,0.8,"false",0,0.5,42000,10,0.5,"false",0.95,"true",17000,0.9,0,0,0,547074128,0,5600,0.7,0
235,0.2,0.025,0.0,0.0,1.0,0.6,2.0,0.8,"false",0,0.5,42000,10,0.5,"false",0.95,"true",17000,0.9,0,0,0,547408118,0,5850,0.7,0
245,0.2,0.025,0.0,0.0,1.0,0.6,2.0,0.8,"false",0,0.5,42000,10,0.5,"false",0.95,"true",17000,0.9,0,0,0,547745337,0,6100,0.7,0
255,0.2,0.025,0.0,0.0,1.0,0.6,2.0,0.8,"false",0,0.5,42000,10,0.5,"false",0.95,"true",17000,0.9,0,0,0,548078126,0,6350,0.7,0
265,0.2,0.025,0.0,0.0,1.0,0.6,2.0,0.8,"false",0,0.5,42000,10,0.5,"false",0.95,"true",17000,0.9,0,0,0,548408293,0,6600,0.7,0
275,0.2,0.025,0.0,0.0,1.0,0.6,2.0,0.8,"false",0,0.5,42000,10,0.5,"false",0.95,"true",17000,0.9,0,0,0,548738561,0,6850,0.7,0
285,0.2,0.025,0.0,0.0,1.0,0.6,2.0,0.8,"false",0,0.5,42000,10,0.5,"false",0.95,"true",17000,0.9,0,0,0,549060752,0,7100,0.7,0
295,0.2,0.025,0.0,0.0,1.0,0.6,2.0,0.8,"false",0,0.5,42000,10,0.5,"false",0.95,"true",17000,0.9,0,0,0,549385933,0,7350,0.7,0
305,0.2,0.025,0.0,0.0,1.0,0.6,2.0,0.8,"false",0,0.5,42000,10,0.5,"false",0.95,"true",17000,0.9,0,0,0,549725712,0,7600,0.7,0
315,0.2,0.025,0.0,0.0,1.0,0.6,2.0,0.8,"false",0,0.5,42000,10,0.5,"false",0.95,"true",17000,0.9,0,0,0,550072493,0,7850,0.7,0
325,0.2,0.025,0.0,0.0,1.0,0.6,2.0,0.8,"false",0,0.5,42000,10,0.5,"false",0.95,"true",17000,0.9,0,0,0,550423588,0,8100,0.7,0
335,0.2,0.025,0.0,0.0,1.0,0.6,2.0,0.8,"false",0,0.5,42000,10,0.5,"false",0.95,"true",17000,0.9,0,0,0,550759971,0,8350,0.7,0
345,0.2,0.025,0.0,0.0,1.0,0.6,2.0,0.8,"false",0,0.5,42000,10,0.5,"false",0.95,"true",17000,0.9,0,0,0,551116832,0,8600,0.7,0
355,0.2,0.025,0.0,0.0,1.0,0.6,2.0,0.8,"false",0,0.5,42000,10,0.5,"false",0.95,"true",17000,0.9,0,0,0,551465209,0,8850,0.7,0
365,0.2,0.025,0.0,0.0,1.0,0.6,2.0,0.8,"false",0,0.5,42000,10,0.5,"false",0.95,"true",17000,0.9,0,0,0,551813952,0,9100,0.7,0
375,0.2,0.025,0.0,0.0,1.0,0.6,2.0,0.8,"false",0,0.5,42000,10,0.5,"false",0.95,"true",17000,0.9,0,0,0,552169612,0,9350,0.7,0
385,0.2,0.025,0.0,0.0,1.0,0.6,2.0,0.8,"false",0,0.5,42000,10,0.5,"false",0.95,"true",17000,0.9,0,0,0,552520202,0,9600,0.7,0
395,0.2,0.025,0.0,0.0,1.0,0.6,2.0,0.8,"false",0,0.5,42000,10,0.5,"false",0.95,"true",17000,0.9,0,0,0,552873133,0,9850,0.7,0
6,0.2,0.025,0.0,0.0,1.0,0.6,2.0,0.8,"false",0,0.5,42000,10,0.5,"false",0.95,"true",17000,0.9,0,0,0,539796271,0,125,0.7,0
16,0.2,0.025,0.0,0.0,1.0,0.6,2.0,0.8,"false",0,0.5,42000,10,0.5,"false",0.95,"true",17000,0.9,0,0,0,540014542,0,375,0.7,0
26,0.2,0.025,0.0,0.0,1.0,0.6,2.0,0.8,"false",0,0.5,42000,10,0.5,"false",0.95,"true",17000,0.9,0,0,0,540352855,0,625,0.7,0
36,0.2,0.025,0.0,0.0,1.0,0.6,2.0,0.8,"false",0,0.5,42000,10,0.5,"false",0.95,"true",17000,0.9,0,0,0,540701382,0,875,0.7,0
46,0.2,0.025,0.0,0.0,1.0,0.6,2.0,0.8,"false",0,0.5,42000,10,0.5,"false",0.95,"true",17000,0.9,0,0,0,541036862,0,1125,0.7,0
56,0.2,0.025,0.0,0.0,1.0,0.6,2.0,0.8,"false",0,0.5,42000,10,0.5,"false",0.95,"true",17000,0.9,0,0,0,541376171,0,1375,0.7,0
66,0.2,0.025,0.0,0.0,1.0,0.6,2.0,0.8,"false",0,0.5,42000,10,0.5,"false",0.95,"true",17000,0.9,0,0,0,541712330,0,1625,0.7,0
76,0.2,0.025,0.0,0.0,1.0,0.6,2.0,0.8,"false",0,0.5,42000,10,0.5,"false",0.95,"true",17000,0.9,0,0,0,542044920,0,1875,0.7,0
86,0.2,0.025,0.0,0.0,1.0,0.6,2.0,0.8,"false",0,0.5,42000,10,0.5,"false",0.95,"true",17000,0.9,0,0,0,542386045,0,2125,0.7,0
96,0.2,0.025,0.0,0.0,1.0,0.6,2.0,0.8,"false",0,0.5,42000,10,0.5,"false",0.95,"true",17000,0.9,0,0,0,542713320,0,2375,0.7,0
106,0.2,0.025,0.0,0.0,1.0,0.6,2.0,0.8,"false",0,0.5,42000,10,0.5,"false",0.95,"true",17000,0.9,0,0,0,543035773,0,2625,0.7,0
116,0.2,0.025,0.0,0.0,1.0,0.6,2.0,0.8,"false",0,0.5,42000,10,0.5,"false",0.95,"true",17000,0.9,0,0,0,543362156,0,2875,0.7,0
126,0.2,0.025,0.0,0.0,1.0,0.6,2.0,0.8,"false",0,0.5,42000,10,0.5,"false",0.95,"true",17000,0.9,0,0,0,543696028,0,3125,0.7,0
136,0.2,0.025,0.0,0.0,1.0,0.6,2.0,0.8,"false",0,0.5,42000,10,0.5,"false",0.95,"true",17000,0.9,0,0,0,544022898,0,3375,0.7,0
146,0.2,0.025,0.0,0.0,1.0,0.6,2.0,0.8,"false",0,0.5,42000,10,0.5,"false",0.95,"true",17000,0.9,0,0,0,544346128,0,3625,0.7,0
156,0.2,0.025,0.0,0.0,1.0,0.6,2.0,0.8,"false",0,0.5,42000,10,0.5,"false",0.95,"true",17000,0.9,0,0,0,544670421,0,3875,0.7,0
166,0.2,0.025,0.0,0.0,1.0,0.6,2.0,0.8,"false",0,0.5,42000,10,0.5,"false",0.95,"true",17000,0.9,0,0,0,545008232,0,4125,0.7,0
176,0.2,0.025,0.0,0.0,1.0,0.6,2.0,0.8,"false",0,0.5,42000,10,0.5,"false",0.95,"true",17000,0.9,0,0,0,545352900,0,4375,0.7,0
186,0.2,0.025,0.0,0.0,1.0,0.6,2.0,0.8,"false",0,0.5,42000,10,0.5,"false",0.95,"true",17000,0.9,0,0,0,545705638,0,4625,0.7,0
196,0.2,0.025,0.0,0.0,1.0,0.6,2.0,0.8,"false",0,0.5,42000,10,0.5,"false",0.95,"true",17000,0.9,0,0,0,546060796,0,4875,0.7,0
206,0.2,0.025,0.0,0.0,1.0,0.6,2.0,0.8,"false",0,0.5,42000,10,0.5,"false",0.95,"true",17000,0.9,0,0,0,546394038,0,5125,0.7,0
216,0.2,0.025,0.0,0.0,1.0,0.6,2.0,0.8,"false",0,0.5,42000,10,0.5,"false",0.95,"true",17000,0.9,0,0,0,546740857,0,5375,0.7,0
226,0.2,0.025,0.0,0.0,1.0,0.6,2.0,0.8,"false",0,0.5,42000,10,0.5,"false",0.95,"true",17000,0.9,0,0,0,547068181,0,5625,0.7,0
236,0.2,0.025,0.0,0.0,1.0,0.6,2.0,0.8,"false",0,0.5,42000,10,0.5,"false",0.95,"true",17000,0.9,0,0,0,547394404,0,5875,0.7,0
246,0.2,0.025,0.0,0.0,1.0,0.6,2.0,0.8,"false",0,0.5,42000,10,0.5,"false",0.95,"true",17000,0.9,0,0,0,547716490,0,6125,0.7,0
256,0.2,0.025,0.0,0.0,1.0,0.6,2.0,0.8,"false",0,0.5,42000,10,0.5,"false",0.95,"true",17000,0.9,0,0,0,548042036,0,6375,0.7,0
266,0.2,0.025,0.0,0.0,1.0,0.6,2.0,0.8,"false",0,0.5,42000,10,0.5,"false",0.95,"true",17000,0.9,0,0,0,548369201,0,6625,0.7,0
276,0.2,0.025,0.0,0.0,1.0,0.6,2.0,0.8,"false",0,0.5,42000,10,0.5,"false",0.95,"true",17000,0.9,0,0,0,548693373,0,6875,0.7,0
286,0.2,0.025,0.0,0.0,1.0,0.6,2.0,0.8,"false",0,0.5,42000,10,0.5,"false",0.95,"true",17000,0.9,0,0,0,549018482,0,7125,0.7,0
296,0.2,0.025,0.0,0.0,1.0,0.6,2.0,0.8,"false",0,0.5,42000,10,0.5,"false",0.95,"true",17000,0.9,0,0,0,549347287,0,7375,0.7,0
306,0.2,0.025,0.0,0.0,1.0,0.6,2.0,0.8,"false",0,0.5,42000,10,0.5,"false",0.95,"true",17000,0.9,0,0,0,549685969,0,7625,0.7,0
316,0.2,0.025,0.0,0.0,1.0,0.6,2.0,0.8,"false",0,0.5,42000,10,0.5,"false",0.95,"true",17000,0.9,0,0,0,550031634,0,7875,0.7,0
326,0.2,0.025,0.0,0.0,1.0,0.6,2.0,0.8,"false",0,0.5,42000,10,0.5,"false",0.95,"true",17000,0.9,0,0,0,550380898,0,8125,0.7,0
336,0.2,0.025,0.0,0.0,1.0,0.6,2.0,0.8,"false",0,0.5,42000,10,0.5,"false",0.95,"true",17000,0.9,0,0,0,550722797,0,8375,0.7,0
346,0.2,0.025,0.0,0.0,1.0,0.6,2.0,0.8,"false",0,0.5,42000,10,0.5,"false",0.95,"true",17000,0.9,0,0,0,551059954,0,8625,0.7,0
356,0.2,0.025,0.0,0.0,1.0,0.6,2.0,0.8,"false",0,0.5,42000,10,0.5,"false",0.95,"true",17000,0.9,0,0,0,551399425,0,8875,0.7,0
366,0.2,0.025,0.0,0.0,1.0,0.6,2.0,0.8,"false",0,0.5,42000,10,0.5,"false",0.95,"true",17000,0.9,0,0,0,551749522,0,9125,0.7,0
376,0.2,0.025,0.0,0.0,1.0,0.6,2.0,0.8,"false",0,0.5,42000,10,0.5,"false",0.95,"true",17000,0.9,0,0,0,552092780,0,9375,0.7,0
386,0.2,0.025,0.0,0.0,1.0,0.6,2.0,0.8,"false",0,0.5,42000,10,0.5,"false",0.95,"true",17000,0.9,0,0,0,552432885,0,9625,0.7,0
396,0.2,0.025,0.0,0.0,1.0,0.6,2.0,0.8,"false",0,0.5,42000,10,0.5,"false",0.95,"true",17000,0.9,0,0,0,552772342,0,9875,0.7,0
7,0.2,0.025,0.0,0.0,1.0,0.6,2.0,0.8,"false",0,0.5,42000,10,0.5,"false",0.95,"true",17000,0.9,0,0,0,539796288,0,150,0.7,0
17,0.2,0.025,0.0,0.0,1.0,0.6,2.0,0.8,"false",0,0.5,42000,10,0.5,"false",0.95,"true",17000,0.9,0,0,0,540013654,0,400,0.7,0
27,0.2,0.025,0.0,0.0,1.0,0.6,2.0,0.8,"false",0,0.5,42000,10,0.5,"false",0.95,"true",17000,0.9,0,0,0,540348842,0,650,0.7,0
37,0.2,0.025,0.0,0.0,1.0,0.6,2.0,0.8,"false",0,0.5,42000,10,0.5,"false",0.95,"true",17000,0.9,0,0,0,540697916,0,900,0.7,0
47,0.2,0.025,0.0,0.0,1.0,0.6,2.0,0.8,"false",0,0.5,42000,10,0.5,"false",0.95,"true",17000,0.9,0,0,0,541034936,0,1150,0.7,0
57,0.2,0.025,0.0,0.0,1.0,0.6,2.0,0.8,"false",0,0.5,42000,10,0.5,"false",0.95,"true",17000,0.9,0,0,0,541376109,0,1400,0.7,0
67,0.2,0.025,0.0,0.0,1.0,0.6,2.0,0.8,"false",0,0.5,42000,10,0.5,"false",0.95,"true",17000,0.9,0,0,0,541713183,0,1650,0.7,0
77,0.2,0.025,0.0,0.0,1.0,0.6,2.0,0.8,"false",0,0.5,42000,10,0.5,"false",0.95,"true",17000,0.9,0,0,0,542044692,0,1900,0.7,0
87,0.2,0.025,0.0,0.0,1.0,0.6,2.0,0.8,"false",0,0.5,42000,10,0.5,"false",0.95,"true",17000,0.9,0,0,0,542378179,0,2150,0.7,0
97,0.2,0.025,0.0,0.0,1.0,0.6,2.0,0.8,"false",0,0.5,42000,10,0.5,"false",0.95,"true",17000,0.9,0,0,0,542692577,0,2400,0.7,0
107,0.2,0.025,0.0,0.0,1.0,0.6,2.0,0.8,"false",0,0.5,42000,10,0.5,"false",0.95,"true",17000,0.9,0,0,0,543011010,0,2650,0.7,0
117,0.2,0.025,0.0,0.0,1.0,0.6,2.0,0.8,"false",0,0.5,42000,10,0.5,"false",0.95,"true",17000,0.9,0,0,0,543336712,0,2900,0.7,0
127,0.2,0.025,0.0,0.0,1.0,0.6,2.0,0.8,"false",0,0.5,42000,10,0.5,"false",0.95,"true",17000,0.9,0,0,0,543665480,0,3150,0.7,0
137,0.2,0.025,0.0,0.0,1.0,0.6,2.0,0.8,"false",0,0.5,42000,10,0.5,"false",0.95,"true",17000,0.9,0,0,0,543985332,0,3400,0.7,0
147,0.2,0.025,0.0,0.0,1.0,0.6,2.0,0.8,"false",0,0.5,42000,10,0.5,"false",0.95,"true",17000,0.9,0,0,0,544306394,0,3650,0.7,0
157,0.2,0.025,0.0,0.0,1.0,0.6,2.0,0.8,"false",0,0.5,42000,10,0.5,"false",0.95,"true",17000,0.9,0,0,0,544633576,0,3900,0.7,0
167,0.2,0.025,0.0,0.0,1.0,0.6,2.0,0.8,"false",0,0.5,42000,10,0.5,"false",0.95,"true",17000,0.9,0,0,0,544961245,0,4150,0.7,0
177,0.2,0.025,0.0,0.0,1.0,0.6,2.0,0.8,"false",0,0.5,42000,10,0.5,"false",0.95,"true",17000,0.9,0,0,0,545297913,0,4400,0.7,0
187,0.2,0.025,0.0,0.0,1.0,0.6,2.0,0.8,"false",0,0.5,42000,10,0.5,"false",0.95,"true",17000,0.9,0,0,0,545628570,0,4650,0.7,0
197,0.2,0.025,0.0,0.0,1.0,0.6,2.0,0.8,"false",0,0.5,42000,10,0.5,"false",0.95,"true",17000,0.9,0,0,0,545994440,0,4900,0.7,0
207,0.2,0.025,0.0,0.0,1.0,0.6,2.0,0.8,"false",0,0.5,42000,10,0.5,"false",0.95,"true",17000,0.9,0,0,0,546340359,0,5150,0.7,0
217,0.2,0.025,0.0,0.0,1.0,0.6,2.0,0.8,"false",0,0.5,42000,10,0.5,"false",0.95,"true",17000,0.9,0,0,0,546680207,0,5400,0.7,0
227,0.2,0.025,0.0,0.0,1.0,0.6,2.0,0.8,"false",0,0.5,42000,10,0.5,"false",0.95,"true",17000,0.9,0,0,0,547014800,0,5650,0.7,0
237,0.2,0.025,0.0,0.0,1.0,0.6,2.0,0.8,"false",0,0.5,42000,10,0.5,"false",0.95,"true",17000,0.9,0,0,0,547343330,0,5900,0.7,0
247,0.2,0.025,0.0,0.0,1.0,0.6,2.0,0.8,"false",0,0.5,42000,10,0.5,"false",0.95,"true",17000,0.9,0,0,0,547674088,0,6150,0.7,0
257,0.2,0.025,0.0,0.0,1.0,0.6,2.0,0.8,"false",0,0.5,42000,10,0.5,"false",0.95,"true",17000,0.9,0,0,0,548010729,0,6400,0.7,0
267,0.2,0.025,0.0,0.0,1.0,0.6,2.0,0.8,"false",0,0.5,42000,10,0.5,"false",0.95,"true",17000,0.9,0,0,0,548331205,0,6650,0.7,0
277,0.2,0.025,0.0,0.0,1.0,0.6,2.0,0.8,"false",0,0.5,42000,10,0.5,"false",0.95,"true",17000,0.9,0,0,0,548659910,0,6900,0.7,0
287,0.2,0.025,0.0,0.0,1.0,0.6,2.0,0.8,"false",0,0.5,42000,10,0.5,"false",0.95,"true",17000,0.9,0,0,0,548994938,0,7150,0.7,0
297,0.2,0.025,0.0,0.0,1.0,0.6,2.0,0.8,"false",0,0.5,42000,10,0.5,"false",0.95,"true",17000,0.9,0,0,0,549322102,0,7400,0.7,0
307,0.2,0.025,0.0,0.0,1.0,0.6,2.0,0.8,"false",0,0.5,42000,10,0.5,"false",0.95,"true",17000,0.9,0,0,0,549664272,0,7650,0.7,0
317,0.2,0.025,0.0,0.0,1.0,0.6,2.0,0.8,"false",0,0.5,42000,10,0.5,"false",0.95,"true",17000,0.9,0,0,0,550010576,0,7900,0.7,0
327,0.2,0.025,0.0,0.0,1.0,0.6,2.0,0.8,"false",0,0.5,42000,10,0.5,"false",0.95,"true",17000,0.9,0,0,0,550362142,0,8150,0.7,0
337,0.2,0.025,0.0,0.0,1.0,0.6,2.0,0.8,"false",0,0.5,42000,10,0.5,"false",0.95,"true",17000,0.9,0,0,0,550709883,0,8400,0.7,0
347,0.2,0.025,0.0,0.0,1.0,0.6,2.0,0.8,"false",0,0.5,42000,10,0.5,"false",0.95,"true",17000,0.9,0,0,0,551058786,0,8650,0.7,0
357,0.2,0.025,0.0,0.0,1.0,0.6,2.0,0.8,"false",0,0.5,42000,10,0.5,"false",0.95,"true",17000,0.9,0,0,0,551419695,0,8900,0.7,0
367,0.2,0.025,0.0,0.0,1.0,0.6,2.0,0.8,"false",0,0.5,42000,10,0.5,"false",0.95,"true",17000,0.9,0,0,0,551770125,0,9150,0.7,0
377,0.2,0.025,0.0,0.0,1.0,0.6,2.0,0.8,"false",0,0.5,42000,10,0.5,"false",0.95,"true",17000,0.9,0,0,0,552121832,0,9400,0.7,0
387,0.2,0.025,0.0,0.0,1.0,0.6,2.0,0.8,"false",0,0.5,42000,10,0.5,"false",0.95,"true",17000,0.9,0,0,0,552471187,0,9650,0.7,0
397,0.2,0.025,0.0,0.0,1.0,0.6,2.0,0.8,"false",0,0.5,42000,10,0.5,"false",0.95,"true",17000,0.9,0,0,0,552812237,0,9900,0.7,0
8,0.2,0.025,0.0,0.0,1.0,0.6,2.0,0.8,"false",0,0.5,42000,10,0.5,"false",0.95,"true",17000,0.9,0,0,0,539796670,0,175,0.7,0
18,0.2,0.025,0.0,0.0,1.0,0.6,2.0,0.8,"false",0,0.5,42000,10,0.5,"false",0.95,"true",17000,0.9,0,0,0,540010151,0,425,0.7,0
28,0.2,0.025,0.0,0.0,1.0,0.6,2.0,0.8,"false",0,0.5,42000,10,0.5,"false",0.95,"true",17000,0.9,0,0,0,540348429,0,675,0.7,0
38,0.2,0.025,0.0,0.0,1.0,0.6,2.0,0.8,"false",0,0.5,42000,10,0.5,"false",0.95,"true",17000,0.9,0,0,0,540697002,0,925,0.7,0
48,0.2,0.025,0.0,0.0,1.0,0.6,2.0,0.8,"false",0,0.5,42000,10,0.5,"false",0.95,"true",17000,0.9,0,0,0,541040489,0,1175,0.7,0
58,0.2,0.025,0.0,0.0,1.0,0.6,2.0,0.8,"false",0,0.5,42000,10,0.5,"false",0.95,"true",17000,0.9,0,0,0,541368994,0,1425,0.7,0
68,0.2,0.025,0.0,0.0,1.0,0.6,2.0,0.8,"false",0,0.5,42000,10,0.5,"false",0.95,"true",17000,0.9,0,0,0,541705821,0,1675,0.7,0
78,0.2,0.025,0.0,0.0,1.0,0.6,2.0,0.8,"false",0,0.5,42000,10,0.5,"false",0.95,"true",17000,0.9,0,0,0,542039955,0,1925,0.7,0
88,0.2,0.025,0.0,0.0,1.0,0.6,2.0,0.8,"false",0,0.5,42000,10,0.5,"false",0.95,"true",17000,0.9,0,0,0,542374338,0,2175,0.7,0
98,0.2,0.025,0.0,0.0,1.0,0.6,2.0,0.8,"false",0,0.5,42000,10,0.5,"false",0.95,"true",17000,0.9,0,0,0,542702733,0,2425,0.7,0
108,0.2,0.025,0.0,0.0,1.0,0.6,2.0,0.8,"false",0,0.5,42000,10,0.5,"false",0.95,"true",17000,0.9,0,0,0,543024041,0,2675,0.7,0
118,0.2,0.025,0.0,0.0,1.0,0.6,2.0,0.8,"false",0,0.5,42000,10,0.5,"false",0.95,"true",17000,0.9,0,0,0,543350154,0,2925,0.7,0
128,0.2,0.025,0.0,0.0,1.0,0.6,2.0,0.8,"false",0,0.5,42000,10,0.5,"false",0.95,"true",17000,0.9,0,0,0,543673141,0,3175,0.7,0
138,0.2,0.025,0.0,0.0,1.0,0.6,2.0,0.8,"false",0,0.5,42000,10,0.5,"false",0.95,"true",17000,0.9,0,0,0,544001031,0,3425,0.7,0
148,0.2,0.025,0.0,0.0,1.0,0.6,2.0,0.8,"false",0,0.5,42000,10,0.5,"false",0.95,"true",17000,0.9,0,0,0,544331568,0,3675,0.7,0
158,0.2,0.025,0.0,0.0,1.0,0.6,2.0,0.8,"false",0,0.5,42000,10,0.5,"false",0.95,"true",17000,0.9,0,0,0,544651981,0,3925,0.7,0
168,0.2,0.025,0.0,0.0,1.0,0.6,2.0,0.8,"false",0,0.5,42000,10,0.5,"false",0.95,"true",17000,0.9,0,0,0,544990098,0,4175,0.7,0
178,0.2,0.025,0.0,0.0,1.0,0.6,2.0,0.8,"false",0,0.5,42000,10,0.5,"false",0.95,"true",17000,0.9,0,0,0,545327018,0,4425,0.7,0
188,0.2,0.025,0.0,0.0,1.0,0.6,2.0,0.8,"false",0,0.5,42000,10,0.5,"false",0.95,"true",17000,0.9,0,0,0,545678052,0,4675,0.7,0
198,0.2,0.025,0.0,0.0,1.0,0.6,2.0,0.8,"false",0,0.5,42000,10,0.5,"false",0.95,"true",17000,0.9,0,0,0,546045812,0,4925,0.7,0
208,0.2,0.025,0.0,0.0,1.0,0.6,2.0,0.8,"false",0,0.5,42000,10,0.5,"false",0.95,"true",17000,0.9,0,0,0,546386248,0,5175,0.7,0
218,0.2,0.025,0.0,0.0,1.0,0.6,2.0,0.8,"false",0,0.5,42000,10,0.5,"false",0.95,"true",17000,0.9,0,0,0,546730123,0,5425,0.7,0
228,0.2,0.025,0.0,0.0,1.0,0.6,2.0,0.8,"false",0,0.5,42000,10,0.5,"false",0.95,"true",17000,0.9,0,0,0,547063966,0,5675,0.7,0
238,0.2,0.025,0.0,0.0,1.0,0.6,2.0,0.8,"false",0,0.5,42000,10,0.5,"false",0.95,"true",17000,0.9,0,0,0,547394630,0,5925,0.7,0
248,0.2,0.025,0.0,0.0,1.0,0.6,2.0,0.8,"false",0,0.5,42000,10,0.5,"false",0.95,"true",17000,0.9,0,0,0,547719482,0,6175,0.7,0
258,0.2,0.025,0.0,0.0,1.0,0.6,2.0,0.8,"false",0,0.5,42000,10,0.5,"false",0.95,"true",17000,0.9,0,0,0,548046857,0,6425,0.7,0
268,0.2,0.025,0.0,0.0,1.0,0.6,2.0,0.8,"false",0,0.5,42000,10,0.5,"false",0.95,"true",17000,0.9,0,0,0,548374689,0,6675,0.7,0
278,0.2,0.025,0.0,0.0,1.0,0.6,2.0,0.8,"false",0,0.5,42000,10,0.5,"false",0.95,"true",17000,0.9,0,0,0,548699930,0,6925,0.7,0
288,0.2,0.025,0.0,0.0,1.0,0.6,2.0,0.8,"false",0,0.5,42000,10,0.5,"false",0.95,"true",17000,0.9,0,0,0,549030507,0,7175,0.7,0
298,0.2,0.025,0.0,0.0,1.0,0.6,2.0,0.8,"false",0,0.5,42000,10,0.5,"false",0.95,"true",17000,0.9,0,0,0,549351647,0,7425,0.7,0
308,0.2,0.025,0.0,0.0,1.0,0.6,2.0,0.8,"false",0,0.5,42000,10,0.5,"false",0.95,"true",17000,0.9,0,0,0,549694491,0,7675,0.7,0
318,0.2,0.025,0.0,0.0,1.0,0.6,2.0,0.8,"false",0,0.5,42000,10,0.5,"false",0.95,"true",17000,0.9,0,0,0,550049855,0,7925,0.7,0
328,0.2,0.025,0.0,0.0,1.0,0.6,2.0,0.8,"false",0,0.5,42000,10,0.5,"false",0.95,"true",17000,0.9,0,0,0,550399062,0,8175,0.7,0
338,0.2,0.025,0.0,0.0,1.0,0.6,2.0,0.8,"false",0,0.5,42000,10,0.5,"false",0.95,"true",17000,0.9,0,0,0,550741806,0,8425,0.7,0
348,0.2,0.025,0.0,0.0,1.0,0.6,2.0,0.8,"false",0,0.5,42000,10,0.5,"false",0.95,"true",17000,0.9,0,0,0,551094099,0,8675,0.7,0
358,0.2,0.025,0.0,0.0,1.0,0.6,2.0,0.8,"false",0,0.5,42000,10,0.5,"false",0.95,"true",17000,0.9,0,0,0,551442903,0,8925,0.7,0
368,0.2,0.025,0.0,0.0,1.0,0.6,2.0,0.8,"false",0,0.5,42000,10,0.5,"false",0.95,"true",17000,0.9,0,0,0,551806414,0,9175,0.7,0
378,0.2,0.025,0.0,0.0,1.0,0.6,2.0,0.8,"false",0,0.5,42000,10,0.5,"false",0.95,"true",17000,0.9,0,0,0,552164084,0,9425,0.7,0
388,0.2,0.025,0.0,0.0,1.0,0.6,2.0,0.8,"false",0,0.5,42000,10,0.5,"false",0.95,"true",17000,0.9,0,0,0,552518036,0,9675,0.7,0
398,0.2,0.025,0.0,0.0,1.0,0.6,2.0,0.8,"false",0,0.5,42000,10,0.5,"false",0.95,"true",17000,0.9,0,0,0,552873889,0,9925,0.7,0
9,0.2,0.025,0.0,0.0,1.0,0.6,2.0,0.8,"false",0,0.5,42000,10,0.5,"false",0.95,"true",17000,0.9,0,0,0,539796510,0,200,0.7,0
19,0.2,0.025,0.0,0.0,1.0,0.6,2.0,0.8,"false",0,0.5,42000,10,0.5,"false",0.95,"true",17000,0.9,0,0,0,540017788,0,450,0.7,0
29,0.2,0.025,0.0,0.0,1.0,0.6,2.0,0.8,"false",0,0.5,42000,10,0.5,"false",0.95,"true",17000,0.9,0,0,0,540361110,0,700,0.7,0
39,0.2,0.025,0.0,0.0,1.0,0.6,2.0,0.8,"false",0,0.5,42000,10,0.5,"false",0.95,"true",17000,0.9,0,0,0,540712605,0,950,0.7,0
49,0.2,0.025,0.0,0.0,1.0,0.6,2.0,0.8,"false",0,0.5,42000,10,0.5,"false",0.95,"true",17000,0.9,0,0,0,541054567,0,1200,0.7,0
59,0.2,0.025,0.0,0.0,1.0,0.6,2.0,0.8,"false",0,0.5,42000,10,0.5,"false",0.95,"true",17000,0.9,0,0,0,541388428,0,1450,0.7,0
69,0.2,0.025,0.0,0.0,1.0,0.6,2.0,0.8,"false",0,0.5,42000,10,0.5,"false",0.95,"true",17000,0.9,0,0,0,541720385,0,1700,0.7,0
79,0.2,0.025,0.0,0.0,1.0,0.6,2.0,0.8,"false",0,0.5,42000,10,0.5,"false",0.95,"true",17000,0.9,0,0,0,542058514,0,1950,0.7,0
89,0.2,0.025,0.0,0.0,1.0,0.6,2.0,0.8,"false",0,0.5,42000,10,0.5,"false",0.95,"true",17000,0.9,0,0,0,542403775,0,2200,0.7,0
99,0.2,0.025,0.0,0.0,1.0,0.6,2.0,0.8,"false",0,0.5,42000,10,0.5,"false",0.95,"true",17000,0.9,0,0,0,542723099,0,2450,0.7,0
109,0.2,0.025,0.0,0.0,1.0,0.6,2.0,0.8,"false",0,0.5,42000,10,0.5,"false",0.95,"true",17000,0.9,0,0,0,543041731,0,2700,0.7,0
119,0.2,0.025,0.0,0.0,1.0,0.6,2.0,0.8,"false",0,0.5,42000,10,0.5,"false",0.95,"true",17000,0.9,0,0,0,543364066,0,2950,0.7,0
129,0.2,0.025,0.0,0.0,1.0,0.6,2.0,0.8,"false",0,0.5,42000,10,0.5,"false",0.95,"true",17000,0.9,0,0,0,543693618,0,3200,0.7,0
139,0.2,0.025,0.0,0.0,1.0,0.6,2.0,0.8,"false",0,0.5,42000,10,0.5,"false",0.95,"true",17000,0.9,0,0,0,544016774,0,3450,0.7,0
149,0.2,0.025,0.0,0.0,1.0,0.6,2.0,0.8,"false",0,0.5,42000,10,0.5,"false",0.95,"true",17000,0.9,0,0,0,544351722,0,3700,0.7,0
159,0.2,0.025,0.0,0.0,1.0,0.6,2.0,0.8,"false",0,0.5,42000,10,0.5,"false",0.95,"true",17000,0.9,0,0,0,544680458,0,3950,0.7,0
169,0.2,0.025,0.0,0.0,1.0,0.6,2.0,0.8,"false",0,0.5,42000,10,0.5,"false",0.95,"true",17000,0.9,0,0,0,545025303,0,4200,0.7,0
179,0.2,0.025,0.0,0.0,1.0,0.6,2.0,0.8,"false",0,0.5,42000,10,0.5,"false",0.95,"true",17000,0.9,0,0,0,545360655,0,4450,0.7,0
189,0.2,0.025,0.0,0.0,1.0,0.6,2.0,0.8,"false",0,0.5,42000,10,0.5,"false",0.95,"true",17000,0.9,0,0,0,545704884,0,4700,0.7,0
199,0.2,0.025,0.0,0.0,1.0,0.6,2.0,0.8,"false",0,0.5,42000,10,0.5,"false",0.95,"true",17000,0.9,0,0,0,546069439,0,4950,0.7,0
209,0.2,0.025,0.0,0.0,1.0,0.6,2.0,0.8,"false",0,0.5,42000,10,0.5,"false",0.95,"true",17000,0.9,0,0,0,546402739,0,5200,0.7,0
219,0.2,0.025,0.0,0.0,1.0,0.6,2.0,0.8,"false",0,0.5,42000,10,0.5,"false",0.95,"true",17000,0.9,0,0,0,546745581,0,5450,0.7,0
229,0.2,0.025,0.0,0.0,1.0,0.6,2.0,0.8,"false",0,0.5,42000,10,0.5,"false",0.95,"true",17000,0.9,0,0,0,547077600,0,5700,0.7,0
239,0.2,0.025,0.0,0.0,1.0,0.6,2.0,0.8,"false",0,0.5,42000,10,0.5,"false",0.95,"true",17000,0.9,0,0,0,547409338,0,5950,0.7,0
249,0.2,0.025,0.0,0.0,1.0,0.6,2.0,0.8,"false",0,0.5,42000,10,0.5,"false",0.95,"true",17000,0.9,0,0,0,547744389,0,6200,0.7,0
259,0.2,0.025,0.0,0.0,1.0,0.6,2.0,0.8,"false",0,0.5,42000,10,0.5,"false",0.95,"true",17000,0.9,0,0,0,548068479,0,6450,0.7,0
269,0.2,0.025,0.0,0.0,1.0,0.6,2.0,0.8,"false",0,0.5,42000,10,0.5,"false",0.95,"true",17000,0.9,0,0,0,548388880,0,6700,0.7,0
279,0.2,0.025,0.0,0.0,1.0,0.6,2.0,0.8,"false",0,0.5,42000,10,0.5,"false",0.95,"true",17000,0.9,0,0,0,548707513,0,6950,0.7,0
289,0.2,0.025,0.0,0.0,1.0,0.6,2.0,0.8,"false",0,0.5,42000,10,0.5,"false",0.95,"true",17000,0.9,0,0,0,549046267,0,7200,0.7,0
299,0.2,0.025,0.0,0.0,1.0,0.6,2.0,0.8,"false",0,0.5,42000,10,0.5,"false",0.95,"true",17000,0.9,0,0,0,549379259,0,7450,0.7,0
309,0.2,0.025,0.0,0.0,1.0,0.6,2.0,0.8,"false",0,0.5,42000,10,0.5,"false",0.95,"true",17000,0.9,0,0,0,549730818,0,7700,0.7,0
319,0.2,0.025,0.0,0.0,1.0,0.6,2.0,0.8,"false",0,0.5,42000,10,0.5,"false",0.95,"true",17000,0.9,0,0,0,550086928,0,7950,0.7,0
329,0.2,0.025,0.0,0.0,1.0,0.6,2.0,0.8,"false",0,0.5,42000,10,0.5,"false",0.95,"true",17000,0.9,0,0,0,550437780,0,8200,0.7,0
339,0.2,0.025,0.0,0.0,1.0,0.6,2.0,0.8,"false",0,0.5,42000,10,0.5,"false",0.95,"true",17000,0.9,0,0,0,550780011,0,8450,0.7,0
349,0.2,0.025,0.0,0.0,1.0,0.6,2.0,0.8,"false",0,0.5,42000,10,0.5,"false",0.95,"true",17000,0.9,0,0,0,551129324,0,8700,0.7,0
359,0.2,0.025,0.0,0.0,1.0,0.6,2.0,0.8,"false",0,0.5,42000,10,0.5,"false",0.95,"true",17000,0.9,0,0,0,551487968,0,8950,0.7,0
369,0.2,0.025,0.0,0.0,1.0,0.6,2.0,0.8,"false",0,0.5,42000,10,0.5,"false",0.95,"true",17000,0.9,0,0,0,551842654,0,9200,0.7,0
379,0.2,0.025,0.0,0.0,1.0,0.6,2.0,0.8,"false",0,0.5,42000,10,0.5,"false",0.95,"true",17000,0.9,0,0,0,552190432,0,9450,0.7,0
389,0.2,0.025,0.0,0.0,1.0,0.6,2.0,0.8,"false",0,0.5,42000,10,0.5,"false",0.95,"true",17000,0.9,0,0,0,552541671,0,9700,0.7,0
399,0.2,0.025,0.0,0.0,1.0,0.6,2.0,0.8,"false",0,0.5,42000,10,0.5,"false",0.95,"true",17000,0.9,0,0,0,552895665,0,9950,0.7,0
